-7.097216666666664175e-02
1.431278333333333430e-01
-5.250721666666666732e-01
-2.319721666666666737e-01
-8.897216666666664386e-02
-1.519721666666666582e-01
6.027833333333346838e-03
-1.569721666666666626e-01
-8.997216666666664475e-02
-1.629721666666666680e-01
9.562783333333335634e-02
-4.610721666666666718e-01
6.641278333333333617e-01
-5.990721666666666279e-01
-1.149721666666666531e-01
1.414278333333333360e-01
-6.087721666666666698e-01
-9.157216666666664895e-02
-9.157216666666664895e-02
4.290278333333333305e-01
1.330278333333333451e-01
1.350278333333333469e-01
1.370278333333333487e-01
1.350278333333333469e-01
1.370278333333333487e-01
1.680278333333333485e-01
3.355278333333333585e-01
4.322783333333334727e-02
4.322783333333334727e-02
4.050278333333333647e-01
4.906083333333334517e-02
4.906083333333334517e-02
4.906083333333334517e-02
4.906083333333334517e-02
4.906083333333334517e-02
4.906083333333334517e-02
