-5.269888888888889511e-01
1.182111111111111001e-01
-1.328888888888888897e-01
-1.208888888888888929e-01
-1.308888888888888880e-01
-1.398888888888888959e-01
2.711111111111105115e-03
-4.609888888888888925e-01
6.822111111111111015e-01
-6.079888888888889120e-01
-1.191888888888888998e-01
-1.980888888888888699e-01
-1.078888888888888953e-01
-1.938888888888888884e-01
3.501111111111110397e-02
-4.719888888888889023e-01
4.461111111111111249e-01
1.511111111111111127e-01
1.381111111111111289e-01
1.361111111111111271e-01
1.351111111111111263e-01
3.306111111111111334e-01
1.258111111111111236e-01
1.631111111111111234e-01
1.531111111111111145e-01
1.641111111111111243e-01
4.301111111111111107e-01
