-7.094438888888889017e-02
1.451556111111111103e-01
-5.190443888888889301e-01
-2.329443888888889092e-01
-8.894438888888889228e-02
-1.529443888888888936e-01
6.055611111111103631e-03
-1.579443888888888980e-01
-8.894438888888889228e-02
-1.659443888888889052e-01
9.965561111111109760e-02
-4.630443888888889359e-01
6.691556111111111038e-01
-5.960443888888888875e-01
-1.559443888888888963e-01
1.284556111111110899e-01
-5.997443888888889241e-01
-9.204438888888889780e-02
-9.204438888888889780e-02
4.250556111111110646e-01
1.320556111111111097e-01
1.340556111111111115e-01
1.360556111111111133e-01
1.350556111111111124e-01
1.360556111111111133e-01
1.670556111111111131e-01
3.505556111111110540e-01
5.775561111111110479e-02
5.775561111111110479e-02
4.020556111111110997e-01
4.908861111111110370e-02
4.908861111111110370e-02
4.908861111111110370e-02
4.908861111111110370e-02
4.908861111111110370e-02
4.908861111111110370e-02
