-5.161370370370370608e-01
7.306296296296295456e-02
-1.870370370370370572e-01
-1.210370370370370402e-01
-1.360370370370370674e-01
-1.310370370370370630e-01
5.356296296296295112e-02
-4.501370370370370577e-01
6.960629629629629944e-01
-6.021370370370370262e-01
-8.033703703703704013e-02
-1.832370370370370594e-01
-1.140370370370370479e-01
-2.370370370370370461e-01
4.586296296296295261e-02
-4.841370370370370324e-01
4.239629629629629304e-01
1.319629629629629486e-01
1.339629629629629504e-01
1.369629629629629530e-01
1.769629629629629330e-01
3.474629629629629179e-01
1.246629629629629615e-01
1.679629629629629528e-01
1.499629629629629368e-01
1.509629629629629377e-01
4.289629629629629348e-01
