-5.170629629629629465e-01
7.913703703703701964e-02
-1.879629629629629706e-01
-1.139629629629629881e-01
-1.379629629629629817e-01
-1.229629629629629822e-01
4.063703703703702014e-02
-4.380629629629629873e-01
6.871370370370371017e-01
-6.270629629629629331e-01
-1.182629629629629864e-01
-2.471629629629629732e-01
-7.896296296296298478e-02
-2.189629629629629703e-01
8.693703703703702101e-02
-4.780629629629630228e-01
4.280370370370369937e-01
1.350370370370370388e-01
1.360370370370370396e-01
1.390370370370370423e-01
1.750370370370370188e-01
3.435370370370370297e-01
1.217370370370370186e-01
1.500370370370370243e-01
1.480370370370370225e-01
1.630370370370370359e-01
4.530370370370370159e-01
