-1.632612619799107545e-01
-1.173921698885355275e-01
-1.633312619799107690e-01
8.483575924261496648e-02
-4.653181936878981739e-01
6.727487380200892764e-01
-6.139219728449916147e-01
-1.251412880000030425e-01
5.829250971203953080e-01
-5.352401074946813164e-01
-1.785987656763965981e-01
-6.942945830900311421e-02
-7.954845329650371555e-02
-8.010244195800921008e-02
-1.504687398471726556e-01
1.863558776077137435e-01
-1.285108794559585987e-01
-6.108080317275257354e-01
-1.094826563247775497e-01
1.307387380200892568e-01
1.350704872012155888e-01
1.407344492850275408e-01
3.529073010521202036e-01
1.001565711397992137e-01
7.569418148682542646e-02
7.569418148682542646e-02
4.841482722364420094e-02
4.841482722364420094e-02
4.834003102672307373e-02
4.834003102672307373e-02
5.603241332100150629e-02
5.603241332100150629e-02
7.334376847408104194e-02
4.536873802008924150e-02
4.536873802008924150e-02
4.536873802008924150e-02
4.080010371113872436e-01
1.296687380200892414e-01
