-1.670540810810810795e-01
-7.805408108108108367e-02
-1.680540810810810803e-01
1.295459189189189231e-01
-4.621540810810810807e-01
6.830459189189189706e-01
-5.881540810810810260e-01
-2.427540810810810690e-01
5.710459189189189821e-01
-5.231540810810810793e-01
-1.804540810810810747e-01
-7.845408108108108125e-02
-8.245408108108108480e-02
-6.945408108108108713e-02
-1.746540810810810751e-01
6.476459189189189836e-01
-5.370540810810811028e-01
-4.519540810810810938e-01
1.276459189189189380e-01
-5.905408108108108067e-02
1.409459189189189166e-01
1.389459189189189425e-01
1.759459189189189199e-01
3.474459189189189057e-01
1.156459189189189135e-01
7.864591891891892228e-02
7.864591891891892228e-02
5.064591891891891823e-02
5.064591891891891823e-02
5.014591891891891778e-02
5.014591891891891778e-02
5.914591891891891884e-02
5.914591891891891884e-02
5.231291891891891310e-02
5.231291891891891310e-02
5.231291891891891310e-02
1.509459189189189254e-01
