-5.211000000000000076e-01
3.609999999999997239e-02
-1.170000000000000345e-01
-1.440000000000000169e-01
-1.140000000000000319e-01
-1.400000000000000411e-01
4.559999999999997389e-02
-4.611000000000000654e-01
6.951000000000000512e-01
-5.940999999999999615e-01
-8.130000000000002502e-02
-1.832000000000000295e-01
-1.130000000000000310e-01
-2.320000000000000395e-01
4.189999999999997199e-02
-4.901000000000000356e-01
4.129999999999999227e-01
1.459999999999999631e-01
1.359999999999999820e-01
1.359999999999999820e-01
1.709999999999999853e-01
3.414999999999999702e-01
1.246999999999999775e-01
1.679999999999999827e-01
1.519999999999999685e-01
1.529999999999999694e-01
4.309999999999999387e-01
