-5.130666000000000393e-01
7.313339999999997343e-02
-1.879666000000000392e-01
-1.219666000000000222e-01
-1.369666000000000494e-01
-1.299666000000000432e-01
5.263339999999997604e-02
-4.580666000000000460e-01
6.701333999999999902e-01
-6.020666000000000073e-01
-1.559666000000000385e-01
1.264333999999999736e-01
-5.997666000000000386e-01
-9.056660000000002486e-02
-9.056660000000002486e-02
4.230333999999999484e-01
1.320333999999999675e-01
1.340333999999999692e-01
1.360333999999999710e-01
1.740333999999999492e-01
3.505333999999999395e-01
5.823339999999997685e-02
5.823339999999997685e-02
4.040333999999999870e-01
4.906639999999997531e-02
4.906639999999997531e-02
4.906639999999997531e-02
4.906639999999997531e-02
4.906639999999997531e-02
4.906639999999997531e-02
