-5.200999333333333752e-01
6.910006666666665409e-02
-1.869999333333333402e-01
-1.209999333333333371e-01
-1.359999333333333504e-01
-1.249999333333333407e-01
5.260006666666666719e-02
-4.550999333333333174e-01
6.801000666666666694e-01
-6.020999333333333370e-01
-1.539999333333333387e-01
1.334000666666666501e-01
-5.867999333333333567e-01
-9.809993333333334731e-02
-9.809993333333334731e-02
4.250000666666666760e-01
1.320000666666666655e-01
1.340000666666666673e-01
1.370000666666666700e-01
1.770000666666666500e-01
3.325000666666667049e-01
6.420006666666665252e-02
6.420006666666665252e-02
3.940000666666667040e-01
4.803306666666666558e-02
4.803306666666666558e-02
4.803306666666666558e-02
4.803306666666666558e-02
4.803306666666666558e-02
4.803306666666666558e-02
