-1.810270000000000212e-01
-6.602700000000001623e-02
-1.840270000000000239e-01
1.465729999999999811e-01
-4.601270000000000082e-01
6.870730000000000448e-01
-5.861269999999999536e-01
-2.427270000000000261e-01
5.730730000000000546e-01
-5.211270000000000069e-01
-1.804270000000000318e-01
-7.742700000000000971e-02
-8.142700000000001326e-02
-7.242700000000001914e-02
-1.966270000000000240e-01
6.596729999999999539e-01
-5.790269999999999584e-01
-4.359270000000000089e-01
1.286729999999999818e-01
-4.602700000000001235e-02
1.399729999999999863e-01
1.389729999999999854e-01
1.799729999999999663e-01
3.524729999999999808e-01
1.146729999999999833e-01
8.017299999999998039e-02
8.017299999999998039e-02
4.917299999999998755e-02
4.917299999999998755e-02
4.917299999999998755e-02
4.917299999999998755e-02
6.067299999999998389e-02
6.067299999999998389e-02
5.200599999999998974e-02
5.200599999999998974e-02
5.200599999999998974e-02
1.549729999999999719e-01
