-1.590262894736842181e-01
-1.010262894736842082e-01
-1.510262894736842110e-01
8.557371052631579378e-02
-4.551262894736842202e-01
6.760737105263158186e-01
-5.901262894736841735e-01
-2.437262894736842156e-01
5.750737105263157289e-01
-5.311262894736842322e-01
-1.804262894736842204e-01
-7.842628947368419923e-02
-8.242628947368420278e-02
-6.942628947368420511e-02
-1.683262894736842208e-01
1.773737105263157865e-01
-1.221262894736842020e-01
-6.128262894736842270e-01
-1.000262894736842073e-01
1.329737105263157915e-01
1.349737105263157932e-01
1.669737105263157939e-01
3.404737105263158092e-01
1.136737105263157938e-01
7.967371052631579131e-02
7.967371052631579131e-02
4.967371052631579936e-02
4.967371052631579936e-02
4.867371052631579847e-02
4.867371052631579847e-02
5.917371052631580086e-02
5.917371052631580086e-02
9.267371052631580286e-02
4.600671052631579577e-02
4.600671052631579577e-02
4.600671052631579577e-02
4.039737105263158101e-01
1.329737105263157915e-01
