-1.580263421052631456e-01
-1.010263421052631505e-01
-1.550263421052631430e-01
8.957365789473685502e-02
-4.711263421052631628e-01
6.730736578947368320e-01
-5.941263421052631610e-01
-2.417263421052631422e-01
5.780736578947367477e-01
-5.281263421052632134e-01
-1.754263421052631444e-01
-7.242634210526315008e-02
-8.342634210526314598e-02
-6.742634210526314564e-02
-1.673263421052631483e-01
1.843736578947368643e-01
-1.241263421052631460e-01
-6.058263421052632047e-01
-1.000263421052631496e-01
1.329736578947368630e-01
1.349736578947368648e-01
1.659736578947368646e-01
3.584736578947368413e-01
9.867365789473685200e-02
7.517365789473685889e-02
7.517365789473685889e-02
4.867365789473684923e-02
4.867365789473684923e-02
4.667365789473684745e-02
4.667365789473684745e-02
6.567365789473685045e-02
6.567365789473685045e-02
7.667365789473686022e-02
4.634065789473684749e-02
4.634065789473684749e-02
4.634065789473684749e-02
4.079736578947368297e-01
1.329736578947368630e-01
