-6.905555555555555058e-02
1.410444444444444723e-01
-5.261555555555555985e-01
-2.300555555555555409e-01
-9.005555555555554148e-02
-1.500555555555555254e-01
3.944444444444456140e-03
-1.530555555555555280e-01
-9.105555555555554237e-02
-1.520555555555555272e-01
8.954444444444445428e-02
-4.561555555555555364e-01
6.720444444444444443e-01
-6.061555555555555586e-01
-1.570555555555555316e-01
1.433444444444444688e-01
-6.008555555555555872e-01
-9.415555555555554790e-02
-9.415555555555554790e-02
4.289444444444444615e-01
1.329444444444444762e-01
1.359444444444444788e-01
1.369444444444444797e-01
1.359444444444444788e-01
1.379444444444444806e-01
1.699444444444444813e-01
3.364444444444444904e-01
4.664444444444445365e-02
4.664444444444445365e-02
4.229444444444444562e-01
4.814444444444445498e-02
4.814444444444445498e-02
4.814444444444445498e-02
4.814444444444445498e-02
4.814444444444445498e-02
4.814444444444445498e-02
