-5.201332666666667048e-01
7.006673333333332532e-02
-1.870332666666666699e-01
-1.210332666666666668e-01
-1.360332666666666801e-01
-1.250332666666666703e-01
5.256673333333333753e-02
-4.551332666666666471e-01
6.800667333333333398e-01
-6.021332666666666666e-01
-1.540332666666666683e-01
1.333667333333333205e-01
-5.868332666666666864e-01
-9.813326666666667697e-02
-9.813326666666667697e-02
4.249667333333333463e-01
1.319667333333333359e-01
1.339667333333333377e-01
1.369667333333333403e-01
1.769667333333333203e-01
3.324667333333333752e-01
6.416673333333332285e-02
6.416673333333332285e-02
3.939667333333333743e-01
4.799973333333333592e-02
4.799973333333333592e-02
4.799973333333333592e-02
4.799973333333333592e-02
4.799973333333333592e-02
4.799973333333333592e-02
