-7.097227777777777302e-02
1.411277222222222238e-01
-5.260722777777777637e-01
-2.299722777777777893e-01
-8.897227777777777513e-02
-1.509722777777777747e-01
5.027722222222223356e-03
-1.549722777777777782e-01
-8.997227777777777602e-02
-1.589722777777777818e-01
9.362772222222222329e-02
-4.620722777777777623e-01
6.681277222222222756e-01
-5.950722777777777139e-01
-1.569722777777777800e-01
1.394277222222222168e-01
-5.947722777777777470e-01
-9.607227777777778421e-02
-9.607227777777778421e-02
4.290277222222222409e-01
1.330277222222222278e-01
1.360277222222222304e-01
1.370277222222222313e-01
1.360277222222222304e-01
1.380277222222222322e-01
1.680277222222222311e-01
3.335277222222222671e-01
6.522772222222221472e-02
6.522772222222221472e-02
3.960277222222222671e-01
4.789472222222222048e-02
4.789472222222222048e-02
4.789472222222222048e-02
4.789472222222222048e-02
4.789472222222222048e-02
4.789472222222222048e-02
