-1.520526578947368479e-01
-1.050526578947368478e-01
-1.560526578947368515e-01
7.654734210526314975e-02
-4.761526578947368749e-01
6.720473421052631791e-01
-5.811526578947368016e-01
-2.407526578947368490e-01
5.780473421052630956e-01
-5.411526578947368771e-01
-1.754526578947368520e-01
-7.445265789473684559e-02
-8.645265789473685625e-02
-6.345265789473684970e-02
-1.553526578947368453e-01
1.833473421052631558e-01
-1.291526578947368442e-01
-5.898526578947368426e-01
-9.805265789473685545e-02
1.339473421052631563e-01
1.349473421052631572e-01
1.699473421052631605e-01
3.324473421052631661e-01
9.464734210526315472e-02
7.814734210526315394e-02
7.814734210526315394e-02
4.964734210526315639e-02
4.964734210526315639e-02
5.764734210526315655e-02
5.764734210526315655e-02
6.164734210526315317e-02
6.164734210526315317e-02
8.064734210526314229e-02
4.731434210526315465e-02
4.731434210526315465e-02
4.731434210526315465e-02
3.979473421052631688e-01
1.339473421052631563e-01
