-1.692667465100035629e-01
-8.063430379358065003e-02
-1.810978539158981937e-01
1.375216250431894327e-01
-4.692131440266781306e-01
6.644712998775015311e-01
-5.889827158819745945e-01
-1.401700408942476717e-01
5.817269694842726047e-01
-5.367010513977682473e-01
-1.801499911009507848e-01
-6.973662914972975080e-02
-8.047078300148478858e-02
-8.158772802761375675e-02
-1.642030381812525364e-01
6.418972284177784093e-01
-5.417089465615931854e-01
-4.521533898389940576e-01
1.274090792879415679e-01
-7.038687788131348100e-02
1.407802383950663427e-01
1.383993136043186467e-01
1.523255831773286939e-01
3.468890035338563216e-01
9.954731545887487987e-02
7.521641776959413217e-02
7.521641776959413217e-02
4.836088909495069726e-02
4.836088909495069726e-02
4.781898918653810365e-02
4.781898918653810365e-02
6.123319708478671547e-02
6.123319708478671547e-02
5.260780664742964463e-02
5.260780664742964463e-02
5.260780664742964463e-02
1.524131776689263140e-01
