-5.149518518518518828e-01
7.324814814814813169e-02
-1.878518518518518809e-01
-1.208518518518518631e-01
-1.358518518518518903e-01
-1.298518518518518849e-01
5.174814814814812647e-02
-4.489518518518518797e-01
6.952481481481481707e-01
-6.009518518518518482e-01
-8.015185185185186301e-02
-1.840518518518518831e-01
-1.138518518518518707e-01
-2.378518518518518698e-01
4.604814814814812973e-02
-4.839518518518518553e-01
4.241481481481481075e-01
1.321481481481481257e-01
1.341481481481481275e-01
1.371481481481481302e-01
1.761481481481481093e-01
3.466481481481480942e-01
1.248481481481481387e-01
1.671481481481481290e-01
1.501481481481481139e-01
1.511481481481481148e-01
4.291481481481481119e-01
