-1.550789210526315742e-01
-1.050789210526315715e-01
-1.560789210526315751e-01
7.552107894736842519e-02
-4.531789210526315781e-01
6.740210789473685127e-01
-5.881789210526314760e-01
-2.457789210526315771e-01
5.820210789473684310e-01
-5.421789210526315461e-01
-1.824789210526315819e-01
-7.847892105263157281e-02
-8.447892105263157814e-02
-6.747892105263157692e-02
-1.693789210526315814e-01
1.903210789473684383e-01
-9.717892105263158109e-02
-5.978789210526315179e-01
-1.020789210526315688e-01
1.339210789473684327e-01
1.349210789473684335e-01
1.709210789473684378e-01
3.294210789473684398e-01
1.116210789473684184e-01
8.112107894736841907e-02
8.112107894736841907e-02
5.162107894736842756e-02
5.162107894736842756e-02
5.012107894736842623e-02
5.012107894736842623e-02
6.062107894736842167e-02
6.062107894736842167e-02
2.662107894736842617e-02
5.395407894736842236e-02
5.395407894736842236e-02
5.395407894736842236e-02
4.019210789473684486e-01
1.449210789473684147e-01
