-5.169888888888889422e-01
1.392111111111111188e-01
-1.428888888888888709e-01
-1.118888888888888850e-01
-1.448888888888888726e-01
-1.298888888888888871e-01
-1.728888888888888489e-02
-4.609888888888888925e-01
6.882111111111111068e-01
-6.169888888888889200e-01
-7.918888888888887811e-02
-1.760888888888888781e-01
-1.168888888888888894e-01
-2.318888888888888944e-01
4.101111111111110930e-02
-4.909888888888888636e-01
4.471111111111111258e-01
1.521111111111111136e-01
1.361111111111111271e-01
1.341111111111111254e-01
1.321111111111111236e-01
3.366111111111111387e-01
1.238111111111111218e-01
1.711111111111111305e-01
1.521111111111111136e-01
1.521111111111111136e-01
4.311111111111111116e-01
