-5.141000000000000014e-01
7.009999999999998177e-02
-1.869999999999999996e-01
-1.230000000000000121e-01
-1.360000000000000098e-01
-1.300000000000000044e-01
5.259999999999999398e-02
-4.571000000000000063e-01
6.661000000000000254e-01
-6.030999999999999694e-01
-1.190000000000000085e-01
1.303999999999999881e-01
-6.108000000000000096e-01
-8.560000000000000941e-02
-8.560000000000000941e-02
4.229999999999999871e-01
1.320000000000000062e-01
1.340000000000000080e-01
1.360000000000000098e-01
1.749999999999999889e-01
3.504999999999999782e-01
3.769999999999999046e-02
3.769999999999999046e-02
4.109999999999999765e-01
4.919999999999999374e-02
4.919999999999999374e-02
4.919999999999999374e-02
4.919999999999999374e-02
4.919999999999999374e-02
4.919999999999999374e-02
