-5.221332666666667066e-01
1.290667333333332945e-01
-1.400332666666667114e-01
-1.170332666666666910e-01
-1.400332666666667114e-01
-1.350332666666667070e-01
-4.433266666666687943e-03
-4.671332666666667133e-01
6.690667333333333300e-01
-6.231332666666666853e-01
-1.520332666666666943e-01
1.253667333333333134e-01
-6.058332666666667032e-01
-9.213326666666668552e-02
-9.213326666666668552e-02
4.469667333333333104e-01
1.509667333333332973e-01
1.349667333333333108e-01
1.339667333333333099e-01
1.319667333333333081e-01
3.414667333333333277e-01
6.116673333333331325e-02
6.116673333333331325e-02
4.049667333333333286e-01
4.999973333333331688e-02
4.999973333333331688e-02
4.999973333333331688e-02
4.999973333333331688e-02
4.999973333333331688e-02
4.999973333333331688e-02
