-1.330262894736842227e-01
-1.160262894736842215e-01
-1.530262894736842127e-01
5.857371052631579061e-02
-4.671262894736842308e-01
6.650737105263158089e-01
-5.881262894736841718e-01
-2.427262894736842147e-01
5.830737105263157360e-01
-5.451262894736842446e-01
-1.764262894736842169e-01
-7.442628947368420955e-02
-8.442628947368421843e-02
-6.742628947368421721e-02
-9.232628947368420880e-02
1.893737105263157972e-01
-1.291262894736842082e-01
-5.958262894736842119e-01
-1.190262894736842103e-01
1.339737105263157924e-01
1.349737105263157932e-01
1.399737105263157977e-01
3.344737105263158039e-01
1.036737105263157849e-01
7.767371052631578954e-02
7.767371052631578954e-02
4.967371052631579242e-02
4.967371052631579242e-02
4.817371052631579109e-02
4.817371052631579109e-02
6.617371052631577932e-02
6.617371052631577932e-02
8.567371052631578277e-02
5.000671052631579239e-02
5.000671052631579239e-02
5.000671052631579239e-02
3.939737105263158012e-01
1.279737105263157870e-01
