-5.130333999999999728e-01
1.431666000000000050e-01
-1.429333999999999882e-01
-1.089333999999999997e-01
-1.449333999999999900e-01
-1.309334000000000053e-01
-2.433339999999999809e-02
-4.610333999999999821e-01
6.671666000000000540e-01
-6.340333999999999692e-01
-1.589334000000000024e-01
1.534666000000000086e-01
-6.027333999999999747e-01
-9.103340000000000043e-02
-9.103340000000000043e-02
4.460666000000000353e-01
1.540665999999999980e-01
1.370666000000000107e-01
1.360666000000000098e-01
1.300666000000000044e-01
3.195666000000000340e-01
5.226660000000000333e-02
5.226660000000000333e-02
4.250666000000000166e-01
4.793359999999999982e-02
4.793359999999999982e-02
4.793359999999999982e-02
4.793359999999999982e-02
4.793359999999999982e-02
4.793359999999999982e-02
