-7.300005555555556802e-02
1.400999444444444297e-01
-5.281000555555556142e-01
-2.290000555555555817e-01
-8.900005555555556835e-02
-1.510000555555555679e-01
5.999944444444431889e-03
-1.560000555555555724e-01
-8.900005555555556835e-02
-1.630000555555555786e-01
9.459994444444443096e-02
-4.711000555555555636e-01
6.600999444444444197e-01
-5.931000555555555609e-01
-1.510000555555555679e-01
1.333999444444444182e-01
-6.058000555555556055e-01
-8.710005555555556944e-02
-8.710005555555556944e-02
4.339999444444444521e-01
1.349999444444444363e-01
1.359999444444444372e-01
1.369999444444444381e-01
1.359999444444444372e-01
1.369999444444444381e-01
1.669999444444444370e-01
3.424999444444444818e-01
5.519994444444443343e-02
5.519994444444443343e-02
4.139999444444444343e-01
4.836694444444443464e-02
4.836694444444443464e-02
4.836694444444443464e-02
4.836694444444443464e-02
4.836694444444443464e-02
4.836694444444443464e-02
