-6.902783333333335769e-02
1.420721666666666383e-01
-5.261278333333333501e-01
-2.300278333333333758e-01
-8.902783333333334770e-02
-1.510278333333333611e-01
4.972166666666648187e-03
-1.530278333333333629e-01
-9.102783333333334947e-02
-1.570278333333333665e-01
9.057216666666664806e-02
-4.581278333333333452e-01
6.700721666666666909e-01
-6.151278333333333181e-01
-1.600278333333333691e-01
1.533721666666666428e-01
-6.048278333333333423e-01
-9.112783333333335234e-02
-9.112783333333335234e-02
4.299721666666666553e-01
1.339721666666666422e-01
1.359721666666666440e-01
1.369721666666666449e-01
1.359721666666666440e-01
1.379721666666666458e-01
1.669721666666666438e-01
3.354721666666666824e-01
5.117216666666665054e-02
5.117216666666665054e-02
4.259721666666666517e-01
4.733916666666664746e-02
4.733916666666664746e-02
4.733916666666664746e-02
4.733916666666664746e-02
4.733916666666664746e-02
4.733916666666664746e-02
