-1.659729729729729764e-01
-8.097297297297297025e-02
-1.659729729729729764e-01
1.236270270270270338e-01
-4.710729729729729587e-01
6.781270270270270961e-01
-5.860729729729728943e-01
-2.406729729729729650e-01
5.831270270270270117e-01
-5.430729729729729671e-01
-1.743729729729729672e-01
-7.437297297297296161e-02
-8.837297297297297405e-02
-6.237297297297295789e-02
-1.715729729729729702e-01
6.467270270270271126e-01
-5.299729729729729666e-01
-4.478729729729729603e-01
1.227270270270270358e-01
-5.997297297297295854e-02
1.400270270270270456e-01
1.380270270270270438e-01
1.720270270270270185e-01
3.555270270270270427e-01
9.972702702702702926e-02
7.522702702702703526e-02
7.522702702702703526e-02
5.072702702702704125e-02
5.072702702702704125e-02
5.872702702702704142e-02
5.872702702702704142e-02
5.822702702702704097e-02
5.822702702702704097e-02
5.572702702702703875e-02
5.572702702702703875e-02
5.572702702702703875e-02
1.500270270270270268e-01
