-5.131380732526743538e-01
5.727939297759557236e-02
-1.881228424057554971e-01
-9.987999999999999656e-02
-1.160747444649979920e-01
-1.291389889111042855e-01
4.647715759424449200e-02
-4.774774439211061372e-01
7.078370526253311423e-01
-6.209328648368602765e-01
-1.318000000000000074e-02
-1.765674439211061542e-01
-1.182368211898674470e-01
-2.479600000000000137e-01
1.314925560788938463e-01
-4.986214441684872489e-01
4.249631496179452905e-01
1.329619267473256261e-01
1.357938651002051911e-01
1.177125560788938319e-01
1.415620789687122294e-01
3.391475976811265669e-01
9.698895292198368712e-02
1.415925560788938442e-01
1.396369948647298853e-01
1.490484945499583602e-01
4.368363351861198063e-01
