-5.191332666666667039e-01
7.306673333333332798e-02
-1.860332666666666690e-01
-1.190332666666666650e-01
-1.360332666666666801e-01
-1.270332666666666721e-01
4.856673333333333398e-02
-4.521332666666666444e-01
6.730667333333333335e-01
-6.191332666666666817e-01
-1.600332666666666737e-01
1.543667333333333391e-01
-6.048332666666667023e-01
-9.113326666666665687e-02
-9.113326666666665687e-02
4.269667333333333481e-01
1.339667333333333377e-01
1.359667333333333394e-01
1.379667333333333412e-01
1.759667333333333195e-01
3.344667333333333770e-01
5.166673333333333951e-02
5.166673333333333951e-02
4.259667333333333472e-01
4.699973333333333503e-02
4.699973333333333503e-02
4.699973333333333503e-02
4.699973333333333503e-02
4.699973333333333503e-02
4.699973333333333503e-02
