-5.169888888888889422e-01
7.921111111111110714e-02
-1.878888888888888831e-01
-1.148888888888889015e-01
-1.378888888888888942e-01
-1.228888888888888947e-01
4.071111111111110070e-02
-4.379888888888888721e-01
6.872111111111111059e-01
-6.279888888888889298e-01
-1.181888888888888989e-01
-2.470888888888888857e-01
-7.888888888888889728e-02
-2.188888888888888828e-01
8.701111111111110852e-02
-4.779888888888889076e-01
4.281111111111111089e-01
1.351111111111111263e-01
1.361111111111111271e-01
1.391111111111111298e-01
1.751111111111111063e-01
3.436111111111111449e-01
1.218111111111111061e-01
1.501111111111111118e-01
1.481111111111111101e-01
1.631111111111111234e-01
4.531111111111111311e-01
