-1.689189189189189144e-01
-7.791891891891890298e-02
-1.699189189189189153e-01
1.286810810810810890e-01
-4.560189189189189363e-01
6.781810810810811052e-01
-5.880189189189188870e-01
-2.416189189189189013e-01
5.801810810810810182e-01
-5.330189189189189491e-01
-1.823189189189189097e-01
-7.931891891891890145e-02
-8.331891891891890500e-02
-6.931891891891890645e-02
-1.765189189189189101e-01
6.487810810810811235e-01
-5.329189189189189602e-01
-4.528189189189189556e-01
1.277810810810811049e-01
-5.791891891891891297e-02
1.400810810810811102e-01
1.380810810810811085e-01
1.730810810810810840e-01
3.495810810810810465e-01
1.117810810810810906e-01
8.028108108108109042e-02
8.028108108108109042e-02
5.128108108108109242e-02
5.128108108108109242e-02
4.978108108108109109e-02
4.978108108108109109e-02
6.078108108108108698e-02
6.078108108108108698e-02
5.278108108108108681e-02
5.278108108108108681e-02
5.278108108108108681e-02
1.510810810810810922e-01
