-1.660000000000000087e-01
-8.099999999999998868e-02
-1.660000000000000087e-01
1.236000000000000154e-01
-4.711000000000000187e-01
6.781000000000000361e-01
-5.860999999999999543e-01
-2.406999999999999973e-01
5.830999999999999517e-01
-5.431000000000000272e-01
-1.743999999999999995e-01
-7.439999999999998004e-02
-8.839999999999999247e-02
-6.239999999999999020e-02
-1.716000000000000025e-01
6.467000000000000526e-01
-5.300000000000000266e-01
-4.479000000000000203e-01
1.227000000000000174e-01
-5.999999999999999084e-02
1.400000000000000133e-01
1.380000000000000115e-01
1.719999999999999862e-01
3.554999999999999827e-01
9.970000000000001084e-02
7.520000000000001683e-02
7.520000000000001683e-02
5.070000000000000895e-02
5.070000000000000895e-02
5.920000000000000956e-02
5.920000000000000956e-02
5.820000000000000867e-02
5.820000000000000867e-02
5.570000000000000645e-02
5.570000000000000645e-02
5.570000000000000645e-02
1.499999999999999944e-01
