-6.900000000000001965e-02
1.431000000000000050e-01
-5.261000000000000121e-01
-2.310000000000000109e-01
-9.000000000000001055e-02
-1.509999999999999953e-01
4.999999999999992298e-03
-1.559999999999999998e-01
-9.100000000000001144e-02
-1.580000000000000016e-01
9.459999999999998965e-02
-4.601000000000000090e-01
6.761000000000000343e-01
-5.960999999999999632e-01
-1.529999999999999971e-01
1.333999999999999908e-01
-5.857999999999999874e-01
-9.810000000000002052e-02
-9.810000000000002052e-02
4.279999999999999916e-01
1.330000000000000071e-01
1.350000000000000089e-01
1.370000000000000107e-01
1.350000000000000089e-01
1.370000000000000107e-01
1.670000000000000095e-01
3.335000000000000187e-01
6.319999999999999230e-02
6.319999999999999230e-02
3.930000000000000160e-01
4.769999999999999241e-02
4.769999999999999241e-02
4.769999999999999241e-02
4.769999999999999241e-02
4.769999999999999241e-02
4.769999999999999241e-02
