-5.191000000000000059e-01
1.340999999999999970e-01
-1.390000000000000124e-01
-1.120000000000000023e-01
-1.390000000000000124e-01
-1.320000000000000062e-01
-1.840000000000000663e-02
-4.440999999999999948e-01
6.831000000000000405e-01
-6.441000000000000059e-01
-1.163000000000000006e-01
-2.511999999999999789e-01
-7.799999999999999989e-02
-2.190000000000000002e-01
8.790000000000000591e-02
-4.751000000000000223e-01
4.460000000000000075e-01
1.529999999999999971e-01
1.380000000000000115e-01
1.370000000000000107e-01
1.350000000000000089e-01
3.305000000000000160e-01
1.247000000000000053e-01
1.499999999999999944e-01
1.499999999999999944e-01
1.650000000000000078e-01
4.530000000000000138e-01
