-1.149180463852574052e-01
1.663530835926447515e-01
-4.974681376004169708e-01
-2.303726174749043121e-01
-1.605506616427437583e-01
-1.554181406607576255e-01
9.469338357256249644e-03
-1.376580642193407367e-01
-7.820925916586926596e-02
-1.467281060305155316e-01
6.651934478990338684e-02
-4.589013727762848438e-01
6.726185994932933898e-01
-6.143628637249402002e-01
-1.024706616427437517e-01
1.253701719217662214e-01
-5.962106616427438333e-01
-9.290613308275418036e-02
-9.290613308275418036e-02
4.211597743710554509e-01
1.385593383572562565e-01
1.352086880657807910e-01
1.403786013635289487e-01
1.369957294974629980e-01
1.374833419430303016e-01
1.539730048554594222e-01
3.316025276494365404e-01
6.128933835725625112e-02
6.128933835725625112e-02
4.050946080161024754e-01
5.261933835725625397e-02
5.261933835725625397e-02
5.261933835725625397e-02
5.261933835725625397e-02
5.261933835725625397e-02
5.261933835725625397e-02
