-5.201333999999999680e-01
7.306659999999999544e-02
-1.870333999999999885e-01
-1.180333999999999967e-01
-1.370333999999999997e-01
-1.210333999999999993e-01
4.756660000000000055e-02
-4.501334000000000168e-01
6.750666000000000722e-01
-6.091333999999999360e-01
-1.580333999999999905e-01
1.423666000000000098e-01
-5.988333999999999602e-01
-9.413340000000000596e-02
-9.413340000000000596e-02
4.259665999999999730e-01
1.329666000000000181e-01
1.349666000000000199e-01
1.379666000000000226e-01
1.769666000000000017e-01
3.334666000000000019e-01
4.766659999999999647e-02
4.766659999999999647e-02
4.219665999999999695e-01
4.833359999999999740e-02
4.833359999999999740e-02
4.833359999999999740e-02
4.833359999999999740e-02
4.833359999999999740e-02
4.833359999999999740e-02
