-7.100005555555553849e-02
1.410999444444444584e-01
-5.261000555555556124e-01
-2.300000555555555548e-01
-8.900005555555554060e-02
-1.510000555555555402e-01
4.999944444444448348e-03
-1.550000555555555437e-01
-9.000005555555554149e-02
-1.590000555555555473e-01
9.359994444444445783e-02
-4.621000555555555556e-01
6.680999444444444268e-01
-5.951000555555555627e-01
-1.570000555555555455e-01
1.393999444444444513e-01
-5.948000555555555957e-01
-9.610005555555554968e-02
-9.610005555555554968e-02
4.289999444444444476e-01
1.329999444444444623e-01
1.359999444444444650e-01
1.369999444444444658e-01
1.359999444444444650e-01
1.379999444444444667e-01
1.679999444444444656e-01
3.334999444444444738e-01
6.569994444444444970e-02
6.569994444444444970e-02
3.959999444444444738e-01
4.786694444444444807e-02
4.786694444444444807e-02
4.786694444444444807e-02
4.786694444444444807e-02
4.786694444444444807e-02
4.786694444444444807e-02
