-1.370263157894736905e-01
-1.140263157894736840e-01
-1.570263157894736805e-01
5.057368421052632623e-02
-4.671263157894736673e-01
6.630736842105263706e-01
-5.811263157894736020e-01
-2.427263157894736789e-01
5.840736842105263005e-01
-5.461263157894736819e-01
-1.764263157894736811e-01
-7.442631578947367377e-02
-8.442631578947368265e-02
-6.742631578947368143e-02
-1.123263157894736769e-01
1.923736842105263078e-01
-9.312631578947368205e-02
-6.048263157894736564e-01
-1.070263157894736777e-01
1.349736842105263290e-01
1.339736842105263281e-01
1.389736842105263326e-01
3.314736842105263648e-01
1.016736842105263189e-01
7.817368421052632577e-02
7.817368421052632577e-02
4.917368421052632776e-02
4.917368421052632776e-02
4.817368421052632688e-02
4.817368421052632688e-02
6.667368421052631555e-02
6.667368421052631555e-02
4.367368421052632982e-02
5.267368421052632393e-02
5.267368421052632393e-02
5.267368421052632393e-02
3.989736842105263692e-01
1.489736842105263137e-01
