-5.172042924789663765e-01
9.242467576606844260e-02
-1.876403626752723153e-01
-9.987999999999999656e-02
-1.173550173393726886e-01
-1.242990700097004464e-01
4.821498266062731325e-02
-4.763396674048883117e-01
6.736608234632693870e-01
-6.146839371993305656e-01
-1.083350173393726884e-01
1.253698846281836587e-01
-6.020750173393727422e-01
-9.842501733937268626e-02
-9.842501733937268626e-02
4.249692463944514387e-01
1.328046183033251004e-01
1.359773232495642414e-01
1.367649826606273100e-01
1.426568990731803821e-01
3.353689220055822151e-01
5.542498266062731438e-02
5.542498266062731438e-02
4.050701969751238085e-01
4.675498266062731723e-02
4.675498266062731723e-02
4.675498266062731723e-02
4.675498266062731723e-02
4.675498266062731723e-02
4.675498266062731723e-02
