-1.510000263157894873e-01
-1.090000263157894778e-01
-1.440000263157894811e-01
8.159997368421052777e-02
-4.661000263157895063e-01
6.690999736842105916e-01
-5.911000263157893952e-01
-2.437000263157894919e-01
5.910999736842105223e-01
-5.611000263157894796e-01
-1.774000263157894941e-01
-7.440002631578947201e-02
-8.440002631578948089e-02
-6.740002631578947967e-02
-1.293000263157894902e-01
1.913999736842104948e-01
-1.311000263157894863e-01
-6.128000263157894478e-01
-1.070000263157894760e-01
1.319999736842105142e-01
1.339999736842105160e-01
1.609999736842105122e-01
3.464999736842104827e-01
1.016999736842105206e-01
7.769997368421052708e-02
7.769997368421052708e-02
4.969997368421051609e-02
4.969997368421051609e-02
4.819997368421051476e-02
4.819997368421051476e-02
6.719997368421051775e-02
6.719997368421051775e-02
5.569997368421051448e-02
5.036697368421051701e-02
5.036697368421051701e-02
5.036697368421051701e-02
4.179999736842104907e-01
1.309999736842105134e-01
