-1.790269999999999917e-01
-6.902700000000000502e-02
-1.820269999999999944e-01
1.415730000000000044e-01
-4.631270000000000109e-01
6.790730000000000377e-01
-5.881269999999999554e-01
-2.417269999999999974e-01
5.780729999999999480e-01
-5.271270000000000122e-01
-1.754269999999999996e-01
-7.442699999999999316e-02
-8.342700000000000116e-02
-6.742700000000000082e-02
-1.906269999999999909e-01
6.546729999999999494e-01
-5.660269999999999468e-01
-4.379270000000000107e-01
1.286730000000000096e-01
-4.702699999999999242e-02
1.399730000000000141e-01
1.379730000000000123e-01
1.769729999999999914e-01
3.634729999999999905e-01
1.046730000000000022e-01
7.667300000000000504e-02
7.667300000000000504e-02
4.917300000000000837e-02
4.917300000000000837e-02
4.717300000000000659e-02
4.717300000000000659e-02
6.517299999999999482e-02
6.517299999999999482e-02
5.200600000000001055e-02
5.200600000000001055e-02
5.200600000000001055e-02
1.549729999999999996e-01
