-1.288663640785870090e-01
1.759246892054434630e-01
-1.288663640785870090e-01
-5.940461332180880794e-01
-1.189414603148674365e-01
-2.262046425827058116e-01
4.082700000000000218e-01
-6.573269005038705481e-01
3.911032963435495668e-01
-1.086353107945565444e-01
-9.012531079455654570e-02
-1.375773032573535948e-01
-1.206516242248734105e-01
-3.129922505954614576e-02
-2.315531079455653701e-02
-1.069080047536012101e-01
3.574405657640850054e-01
-9.090700000000000447e-01
1.459126810911146155e+00
-6.537699999999999623e-01
-6.537699999999999623e-01
-3.728799999999999892e-01
-5.387000000000000122e-02
-5.387000000000000122e-02
-1.308455148594394046e-01
-1.282185186343190175e-01
-7.009465932383669717e-02
4.614765064632645464e-01
-7.321644758154194355e-01
6.433980874218843127e-01
-9.303113606231300237e-01
1.167094437718738456e-02
-1.103321870860157622e-01
1.101499999999999979e-01
-3.525531079455653666e-02
-1.870860660446846957e-01
4.704753161287116014e-02
4.704753161287116014e-02
4.704753161287116014e-02
4.704753161287116014e-02
4.704753161287116014e-02
4.704753161287116014e-02
4.049800000000000066e-01
1.512315264936025805e-01
2.259144819596089690e-02
1.385991538295232306e-01
1.357576405643851347e-01
1.469459361433073097e-01
1.695339398551327093e-01
9.073000000000000509e-02
4.499077995066707580e-01
1.145646892054434651e-01
8.523000000000000020e-02
8.523000000000000020e-02
8.523000000000000020e-02
8.523000000000000020e-02
2.888751940102101540e-02
4.268858075364357352e-01
4.268858075364357352e-01
1.448746892054434687e-01
