1.077384953493164543e-01
-2.976361951326262911e-01
1.342175649764124346e-01
-2.492751300523084745e-01
4.482657304733573267e-01
-6.727931648737128789e-01
4.301997197471241208e-01
-3.222952520192086667e-01
1.632268563660377036e-01
-2.324597075311321814e-01
1.114000000000000060e-02
-8.906585669814366668e-02
-1.670831033356379725e-01
7.855786953272178574e-02
-4.423485082446465544e-01
6.905738981316462688e-01
-6.324989219404375529e-01
-3.304621304672782367e-01
1.917800000000000060e-01
-6.867945336733952133e-02
-3.914621304672781799e-01
2.301594105878145349e-02
-2.040577358206075720e-01
3.853786953272178573e-02
-1.335000000000000075e-01
-1.115621304672782116e-01
-1.290621304672782133e-01
-1.115621304672782116e-01
-1.335000000000000075e-01
7.186378695327217958e-01
-5.671058957463773753e-01
-1.292504282159441242e-01
1.888378695327218026e-01
-1.217606073636428032e-01
-1.486249570838293343e-01
-1.619188048753656406e-01
1.093877185972638444e-01
-3.009022524603330306e-01
1.078409251440079902e-01
4.602051914471354949e-02
4.602051914471354949e-02
4.602051914471354949e-02
1.652597693348390739e-01
2.418927243193369839e-02
1.570859955475141234e-01
1.562704603146350402e-01
1.474911449895972004e-01
3.271658155839544113e-01
7.155379812652397364e-02
7.155379812652397364e-02
7.155379812652397364e-02
5.860252958079753549e-02
5.860252958079753549e-02
5.860252958079753549e-02
1.525032027501324883e-01
1.429378695327217785e-01
1.347112789989492188e-01
1.429378695327217785e-01
1.525032027501324883e-01
1.781604839080063729e-01
1.563252555550699308e-01
4.694537911217950416e-02
4.694537911217950416e-02
4.694537911217950416e-02
