1.042701536201193352e-01
-3.513298463798806281e-01
4.237684859258530889e-02
5.362999999999999712e-02
-4.681237724330747363e-01
6.813601536201192577e-01
-5.800763225584495419e-01
-1.429398463798806640e-01
-1.139668695473639859e-01
-1.344769416934943895e-01
-3.042023483953005397e-02
-6.887486812621992915e-02
-3.228675941970545697e-03
1.140201536201193439e-01
-1.142422055388040980e-01
1.917346256039561270e-01
6.036485248509129153e-01
-6.181193866875118736e-01
-5.393907141265691374e-01
1.311271303305886482e-01
-1.227977781924248779e-01
-1.096430794261776948e-01
-1.320799995461783005e-01
-1.220466261069325375e-01
-1.315462770053786867e-01
-1.096430794261776948e-01
-3.435345164499249426e-01
-1.473230591299857506e-01
-6.906204011494504469e-02
-1.804298463798806595e-01
-5.936348820415902200e-02
-1.312984637988065702e-02
-8.876099858522568109e-02
-8.876099858522568109e-02
-8.876099858522568109e-02
-1.865932496908152827e-01
1.935399999999999898e-01
-7.735999519046973250e-01
1.470403391168247476e+00
-3.693137327191409747e-01
-6.520567796071992106e-01
-6.520567796071992106e-01
4.752313500507743954e-02
4.752313500507743954e-02
4.752313500507743954e-02
3.354785256198641874e-01
1.419058427544292456e-01
1.489860110563367701e-01
5.292015362011934232e-02
5.292015362011934232e-02
5.292015362011934232e-02
2.144061887706150138e-01
3.149275785823383300e-01
7.433015362011934080e-02
7.433015362011934080e-02
1.409537615550537359e-01
1.339341643123726222e-01
1.329640630385940103e-01
1.339341643123726222e-01
1.409537615550537359e-01
1.704435075807531619e-01
1.899478489311410001e-01
4.025900141477432165e-02
4.025900141477432165e-02
4.025900141477432165e-02
4.025900141477432165e-02
4.025900141477432165e-02
4.025900141477432165e-02
4.025900141477432165e-02
4.025900141477432165e-02
4.025900141477432165e-02
1.814715619390282197e-01
4.687928596976037587e-01
1.193869343128404481e-01
1.193869343128404481e-01
1.193869343128404481e-01
