-3.472717763935519869e-02
-2.490518328691161964e-01
3.262984583209586897e-02
-3.690704928470966983e-01
1.024437262536007226e-01
-8.016567346029541963e-02
-9.692294153805471046e-02
2.948110481529678598e-02
1.175638447494039771e-02
6.194941896770286144e-02
-6.085020736110897249e-02
-6.789620587188512080e-02
-9.084671089346560424e-02
-9.084671089346560424e-02
-8.502825679804201786e-02
-1.410376461331477871e-01
-3.537943457239632605e-02
-2.672376354121926978e-01
9.302647405524077096e-01
-7.656167456374011193e-01
-7.656167456374011193e-01
1.933315613680325618e-01
-2.464293010517467075e-01
1.086692769494979893e-01
-1.407383872188038565e-01
-9.166755922805086554e-02
-1.200265045716575329e-01
6.588110481529678431e-02
-6.094889518470321399e-02
-1.124477437551114484e-01
-1.194288951847032043e-01
-7.887038799389581301e-02
8.244502084640344952e-01
-6.387319378982013740e-01
-5.810251787182743044e-01
7.148728223606447552e-01
-5.980383415458629948e-01
4.801786774804740060e-02
4.801786774804740060e-02
4.801786774804740060e-02
1.659374719742164606e-01
7.676962612937041075e-02
5.602673062808790488e-02
5.602673062808790488e-02
5.635351616150978404e-02
5.635351616150978404e-02
5.874000000000000055e-02
5.874000000000000055e-02
3.908203487615321409e-02
8.701850581447198585e-02
6.358851996404647766e-02
6.358851996404647766e-02
6.469320381655464802e-02
3.444888082897031717e-02
3.444888082897031717e-02
3.444888082897031717e-02
3.444888082897031717e-02
3.444888082897031717e-02
3.444888082897031717e-02
1.511211067186581103e-01
1.505353443114328671e-01
1.512375950513884515e-01
1.417531783101561027e-01
1.507451970567028621e-01
1.734952300592312868e-01
1.657298414439187795e-01
1.090160397972947393e-01
1.090160397972947393e-01
3.566025181797900512e-01
