-5.750041090557064805e-02
1.329388362784678437e-02
-1.231271003499335437e-01
-9.123859138000003921e-02
6.627323885023700401e-01
-6.071328025239828285e-01
-5.435965708041010647e-01
5.679624393990825859e-02
6.842732973268080832e-01
-5.508808733261912893e-01
-3.799890468741050631e-01
1.332131115869548410e-01
-1.012730861202731369e-01
1.314232132656200647e-01
-3.318587982178537454e-01
1.153141710241586404e-01
-1.849619182590405142e-01
-7.489992878505498386e-02
-4.333213155049288334e-02
-2.959856671181032572e-02
-1.605356904366631032e-01
9.302643095633369441e-01
-8.276414282444100046e-01
-8.276414282444100046e-01
-7.588370252988405062e-02
-9.543087332619124008e-02
5.179341511594678232e-02
3.068809796522502242e-02
-1.450500614332321525e-01
-8.638087332619125147e-02
-1.262305999669153800e-01
-8.738087332619125236e-02
7.440882300290578566e-02
-3.164512570616012099e-01
1.654191266738087585e-01
-1.205350897892921297e-01
1.615191266738087439e-01
-4.199467863396343925e-01
1.615191266738087439e-01
-1.205350897892921297e-01
5.176526433925768972e-02
5.176526433925768972e-02
5.176526433925768972e-02
2.822538603302382140e-02
2.822538603302382140e-02
9.579704009371942108e-02
5.165382172815673190e-02
5.165382172815673190e-02
5.165382172815673190e-02
3.551191266738087382e-01
1.283989549540979769e-01
7.906951420141755671e-02
7.906951420141755671e-02
4.810796919870807820e-02
4.810796919870807820e-02
4.810796919870807820e-02
1.415434975940436935e-01
1.538420265339431603e-01
1.461020892652694358e-01
1.473672846732348718e-01
1.775991266738087548e-01
1.448432316552530630e-01
1.385561977210791884e-01
1.696191266738087400e-01
1.796191266738087489e-01
7.386495346612038937e-02
7.386495346612038937e-02
5.333440884055117709e-02
5.333440884055117709e-02
5.333440884055117709e-02
5.333440884055117709e-02
7.386495346612038937e-02
7.386495346612038937e-02
