-1.791098948138925007e-01
6.670590995883325380e-01
-5.881670834060693798e-01
-4.761520564450669735e-01
6.814346208203032884e-02
-1.455154589333466919e-01
-1.111070261478565580e-01
-1.285427750221618537e-01
-1.277467869945851098e-01
4.768364296859969875e-01
-2.573250137840779050e-01
-1.376914977954903918e-01
-3.454496868611271754e-02
-5.354275415287618189e-01
4.571868896112579184e-01
-3.113997309452088413e-01
-2.065478709153669226e-02
-3.158920424069897037e-01
4.571082384628237794e-01
-7.321282856331772226e-01
6.909989767923325754e-01
-9.317603377132578357e-01
-1.844075415287617647e-01
-5.347754152876176698e-02
-1.176793301225066701e-01
-1.183394126131025181e-01
-1.289960855755747093e-01
1.261650542331050340e-01
-5.519148245485323567e-01
6.665676823545373386e-01
-6.048428879457625751e-01
-1.183305425411705636e-01
-1.141621584837187592e-01
-1.120071237389581309e-01
-1.427439566665189563e-01
1.211324493464261270e-01
-1.360043825426902331e-01
-1.169199999999999962e-01
-1.183394126131025181e-01
-1.176793301225066701e-01
4.897973204667868119e-01
-5.623481299429177183e-01
-1.464403656157926004e-01
6.890337884543670799e-02
6.890337884543670799e-02
6.890337884543670799e-02
3.154528088428546484e-01
1.759559655470444572e-01
1.379343538687706483e-01
1.447110323810547605e-01
1.479655743837185733e-01
1.628377816397805211e-01
1.479863406493919509e-01
1.503174512509583283e-01
2.299333327912958524e-02
4.274674341843734959e-01
4.274674341843734959e-01
1.512524584712382492e-01
1.452589292474908145e-01
6.789245847123823174e-02
6.789245847123823174e-02
3.054265016367416208e-01
1.555127007001904649e-01
1.397555077840134941e-01
1.496949269927067283e-01
1.603017169479009074e-01
1.452589292474908145e-01
1.512524584712382492e-01
1.495040176650938302e-01
