-6.273600762234805839e-02
-1.035999999999999976e-01
-2.387382284283824929e-01
-5.339847680123712553e-02
-1.657553768582851472e-01
1.419167495002218171e-01
-3.673211092723565607e-01
3.365511052309225759e-01
1.574322862277718615e-01
-4.765184383308816440e-01
8.130301724299341393e-01
-6.519253811752102612e-01
-3.426406089098555929e-01
1.220468944362090441e-01
-7.485843833088165478e-02
-7.176032649486621673e-02
-7.062771995474521891e-02
-1.217684383308816620e-01
6.536851939645125231e-01
-6.011684383308816271e-01
-5.557704982271419736e-01
1.364403816870733421e-01
-1.225424196590056969e-01
-1.068206039829145693e-01
-1.318789928678546497e-01
-1.216316365715201936e-01
-1.311400010847794673e-01
-1.068206039829145693e-01
-7.062771995474521891e-02
-7.176032649486621673e-02
7.267565418254073872e-01
-5.819127727998252286e-01
-2.017084383308816731e-01
-6.794390862456778368e-02
-1.351584383308816750e-01
-5.813843833088166296e-02
-1.601292582505726980e-01
9.351156166911833711e-02
-3.192584383308816887e-01
5.906414002262738716e-01
-5.734133066075340901e-01
-3.135720223940854368e-01
7.137746710302447783e-02
7.137746710302447783e-02
7.137746710302447783e-02
1.570664149618029859e-01
1.490793372382376303e-01
1.720967355025266599e-01
9.073000000000000509e-02
9.073000000000000509e-02
7.956156166911834693e-02
7.956156166911834693e-02
6.054156166911833781e-02
4.749965939964784223e-02
4.749965939964784223e-02
5.205458860784671626e-02
5.205458860784671626e-02
6.408214753590796287e-02
3.090861779018216349e-01
7.030634783812737820e-02
7.030634783812737820e-02
1.402316475191028589e-01
1.343294248912972888e-01
1.333618514226444507e-01
1.343294248912972888e-01
1.402316475191028589e-01
5.205458860784671626e-02
5.205458860784671626e-02
4.749965939964784223e-02
4.749965939964784223e-02
1.636574803469533212e-01
1.391896745427550763e-01
1.421844970434675004e-01
1.480777294605242767e-01
1.799415616691183439e-01
