-3.598299999999999832e-01
2.197402740327853432e-01
6.905391711317389325e-02
-8.256362657872783062e-02
-6.564931291849558648e-02
-1.286378062732746463e-01
-1.045951910710237777e-02
-1.402960952166758257e-01
7.115140510382923500e-01
-5.646393616190730214e-01
-4.577340402521716811e-01
1.310535519021396034e-01
-1.404841505220434938e-01
2.385911412809398335e-01
-4.019064480978604137e-01
6.120935519021395432e-01
-2.722965694646336532e-01
-9.470612334355234252e-02
2.773665049548224015e-01
-5.581101275885043123e-01
4.639346407991943866e-01
-6.608705094455362694e-01
6.540357706823165529e-01
-5.347387665791172306e-01
-1.295619713062270140e-01
-1.289564480978604155e-01
-1.289564480978604155e-01
-1.410364480978604229e-01
4.284311692895655388e-01
-7.191991882384144441e-01
-1.505264480978604213e-01
-9.264438159567950359e-02
5.745885874181434760e-02
-1.251890751933564805e-01
-1.064480978604162575e-04
-8.911729186259445545e-02
-1.013664480978604121e-01
-1.013664480978604121e-01
1.614539217245282154e-01
1.416711243289963118e-01
1.601327579011669056e-01
3.009735519021395911e-01
1.650869193452162986e-01
1.324635519021395980e-01
1.585381209043653095e-01
3.415102798905566006e-01
6.383189426735023930e-02
8.298119216751417837e-02
8.298119216751417837e-02
8.298119216751417837e-02
8.298119216751417837e-02
1.559224729680593335e-01
1.510146841364228554e-01
6.328800555247036941e-02
6.328800555247036941e-02
6.328800555247036941e-02
6.328800555247036941e-02
