1.097311344205027933e-01
-3.178120399164397480e-01
1.953170667110978587e-01
-2.109692325993820505e-01
2.273514135170752112e-02
-4.399783741434034612e-01
1.528463470782054134e+00
-6.516279377992328925e-01
-6.516279377992328925e-01
-8.042702700315270681e-01
2.579123177375258202e-01
-8.995861090291011608e-02
-8.120750111706410979e-02
-5.337481950218458948e-02
2.361289471126276351e-01
-3.630134462745604473e-01
-8.742126272922495778e-02
-1.207760444644399578e-01
1.201468896254144075e-01
-6.394048195021845293e-01
2.702568323689811813e-01
-2.453748195021845935e-01
3.150758540287190157e-01
-6.624748195021845643e-01
3.920197082714702574e-01
-2.319476035060537011e-01
1.054846729636104569e-02
1.481723455167870407e-01
2.040751804978154227e-01
-5.166948359790392298e-02
-7.580481950218458109e-02
-1.075196581982291455e-01
-1.294116824884409545e-01
-1.298920122549926393e-01
-1.279623103456984656e-01
-1.075196581982291455e-01
2.273514135170752112e-02
-2.109692325993820505e-01
5.236634225975339563e-02
5.236634225975339563e-02
5.236634225975339563e-02
1.545256585547916950e-01
1.550735724204757582e-01
4.785675505778377858e-02
4.785675505778377858e-02
1.325016401381786113e-01
1.486251804978154234e-01
1.462457059067383824e-01
7.993801638466994930e-02
7.993801638466994930e-02
4.544983958889381448e-02
6.105532875902489054e-02
6.394032580311002911e-02
6.394032580311002911e-02
6.394032580311002911e-02
6.063999999999999946e-02
6.063999999999999946e-02
8.880029503658566636e-02
6.080428813198582999e-02
6.080428813198582999e-02
1.360202648422993987e-01
1.341528955692168623e-01
1.320654155694255538e-01
1.311364833660168538e-01
1.360202648422993987e-01
1.550735724204757582e-01
1.545256585547916950e-01
