2.007835236227418219e-01
-8.353718277359221123e-01
8.885270468319227399e-01
-7.598105732921185407e-01
4.867495233308841152e-01
-3.339464763772582168e-01
1.859618640311915816e-01
-1.242387367385815594e-01
-1.056444361234216006e-01
-8.230647637725820032e-02
-4.730596512746712556e-02
-6.049388670192600709e-02
-5.452434996078329293e-02
-5.235949842123236581e-02
-2.674056700468120384e-01
6.028634287777402401e-01
-5.571635451397517480e-01
-3.651427450251126805e-01
1.325878584674081706e-01
-4.028498287140296757e-02
-1.012713999550556160e-01
-1.366052590341237938e-01
-1.193664763772582099e-01
-1.376810276001787514e-01
-1.012713999550556160e-01
-3.682955881448764512e-01
1.880999999999999894e-01
-2.210224298051001734e-01
3.308533775875418387e-02
-1.443764763772582005e-01
-1.207682781346697404e-01
-1.387742450863082011e-01
-1.207152424689502124e-01
-1.443764763772582005e-01
6.930513764311282410e-01
-6.220238602748215939e-01
3.132235236227418063e-01
-8.505164763772581349e-01
-9.929531846245753801e-02
-2.662401022496034275e-01
5.618581791409523740e-01
-7.325833681058180336e-01
4.565361299392599326e-02
4.565361299392599326e-02
4.565361299392599326e-02
4.369832650387289741e-01
3.162826940236985324e-02
5.833920547128282341e-02
5.833920547128282341e-02
5.833920547128282341e-02
1.507483860639747819e-01
1.460108978546113823e-01
1.476988087854226583e-01
1.311335236227418044e-01
1.347969288164193868e-01
1.311335236227418044e-01
1.476988087854226583e-01
5.570456651738280029e-02
5.570456651738280029e-02
5.570456651738280029e-02
1.520144820222291970e-01
1.344433577262075796e-01
1.332578645695793595e-01
1.344433577262075796e-01
1.520144820222291970e-01
4.414922407815812244e-01
4.414922407815812244e-01
1.426737333283285281e-01
1.556346068114826953e-01
